
=========
Meyda CLI
=========


Buffer size: 512
Hop size: 512
Windowing function: hanning
Will extract:
zcr rms energy 

Starting extraction...
|Sample rate recognized as: 96000
-----------------------------------------------------------------------------------------------------------------------------------------------------------------------------------------------------------------------------------------------------------------|
Extraction finished.

256 frames analysed.


*********zcr*********

0
0
0
0
10
2
6
6
0
6
6
4
4
4
6
2
2
6
4
2
2
4
4
4
8
4
6
8
4
6
2
8
4
2
4
2
4
4
4
2
2
2
2
2
2
4
4
4
6
4
4
4
4
2
2
4
4
4
12
4
4
6
2
6
2
4
4
6
4
4
6
2
6
4
4
4
4
6
4
2
4
2
6
2
6
4
4
2
6
4
8
2
6
4
6
6
6
4
6
4
6
4
4
2
2
2
2
2
2
2
2
2
4
4
4
4
4
8
8
10
14
14
14
14
16
16
16
16
16
16
16
16
18
18
18
18
18
18
18
18
18
18
18
18
18
18
18
16
18
18
16
16
18
18
18
18
18
18
18
18
16
16
16
16
16
16
16
16
16
14
16
16
16
14
14
14
16
14
14
14
14
12
14
14
14
12
12
12
12
14
14
12
12
12
12
12
12
12
12
10
10
10
10
10
10
10
10
8
10
12
10
10
6
10
6
6
6
2
8
10
4
6
2
6
4
4
4
4
2
2
4
4
4
4
2
4
4
4
4
6
30
4
4
4
4
4
4
2
2
4
2
4
2
8
6
20


*********rms*********

0
0
0
0
0.000015054421056293424
0.0005832924830814502
0.00015152713837175878
0.0002563502245192482
0
0.0000017754322456063699
0.0007907617341566021
0.0011372045857518582
0.0006425833705380999
0.0005620897684214248
0.0004639556365357976
0.0005922485600162254
0.0006115211063746234
0.00033874103360607397
0.00040356974481595343
0.0007495264162448749
0.0008464031950523518
0.0004886214756170121
0.0009968883652037308
0.0004077800661090587
0.00016719409309140626
0.0004599189738032037
0.00021308310755234413
0.0003247879734333267
0.0004082159072082629
0.00054845450417231
0.00043256564155702744
0.0002035189016801696
0.0006226566445305638
0.0003840766034494578
0.0004244356431067992
0.000839805518887149
0.00032308025711872535
0.0010489456139104222
0.0003312010920658402
0.0008095336712387333
0.0004811152591434641
0.0005115672707555148
0.0007036677306209215
0.0007707180537366038
0.0013381122308693814
0.0007570994388467191
0.0003950266031944015
0.0005169655046266266
0.00020763666371172856
0.0006420749291720424
0.000273001389996632
0.00022895172345852724
0.0003439756465348472
0.0008489814033808156
0.00035529397766642293
0.0003059355434083946
0.0005024699795750339
0.0004926161434274909
0.0002868696996565374
0.00042026427425321335
0.0006371238236820579
0.00020977669039931596
0.000613319504688073
0.0005076794257731211
0.0005064878901426198
0.00046498461955213935
0.0006281990115098388
0.000349939995561091
0.0004553522846543269
0.0005458443776869564
0.0006060259114198103
0.0006212687845749792
0.0002780055918594525
0.0005033149008026128
0.0002596805772705693
0.0004013095192590846
0.0004873564390205558
0.00033611164307649423
0.0003111906974363971
0.0005732976079383266
0.00039323798649967985
0.0006055417171662863
0.0009922683095215123
0.0008975354718495082
0.0011451252238719354
0.0016427562987028365
0.0006210633233970301
0.0004502504632159466
0.0003370538807827684
0.00028792068074891334
0.00011581199323831517
0.0005044575960221625
0.0003070083552103018
0.00044872550933247834
0.0002758386849849188
0.0003481366088072628
0.00020469883271445277
0.00023344533473406502
0.00029615620656860234
0.0009294652555972847
0.0003548621894350527
0.0005757638213280093
0.0006204508222198496
0.0003216543247242033
0.0008159258345156874
0.0005707408974645698
0.0011126559986306098
0.000840914488830431
0.001364126141678827
0.0011819085234588344
0.0014377153924533925
0.0011997183554103299
0.001168106105686595
0.000956667740843887
0.0005665176188949852
0.0013965721012792426
0.00122151686499752
0.0002256731813894652
0.00033959810637778786
0.0008615767024314039
0.001292799294361755
0.002879905124126485
0.007134028460362977
0.013786230578247129
0.021650531241833207
0.022963186704827377
0.028554672060699858
0.026784951501709585
0.02332820905538999
0.025088089584414698
0.018344439722918444
0.01857702376352756
0.01651179381146821
0.017888907977861544
0.01676879326574182
0.015807531273612573
0.015323928478462036
0.01830796447541389
0.022836605783545492
0.026834462033810427
0.02416164094447453
0.032832449124582476
0.03576262018876533
0.03518222851520187
0.03637783386335273
0.03728103041894759
0.03341170694995433
0.036456027038613815
0.035057373908503664
0.044441626601623194
0.05283496761123574
0.06431414728743572
0.06567203573201606
0.06614496358571598
0.07193774550588618
0.07414654721858918
0.07398511389509989
0.07928374073137986
0.06388475334667496
0.05789529040773507
0.07420788381061406
0.0600094614674174
0.055071760913310924
0.039687233862762426
0.03735870725359198
0.026296112928031124
0.03733217025075298
0.03175728653424234
0.024666692563070552
0.033883057589769394
0.03063286073417572
0.024607315453325007
0.02965600535818465
0.02421028016257812
0.026992146803404272
0.027182460624396332
0.01864850604687898
0.015637081375028526
0.021892546404676506
0.019110641578785156
0.018269330910964266
0.02941653810044843
0.02132346906022908
0.022341936275979735
0.029442870711550006
0.026479447624370555
0.033499197262290184
0.027117225335304838
0.02678483540981455
0.028807418109809354
0.02752459785293123
0.033084274317863316
0.031136535677786
0.028304262030899356
0.02927595342431014
0.032983346255013576
0.01565002295728313
0.0224606520842483
0.01737908774011685
0.017083970641240193
0.01729597742578822
0.011351163087896445
0.007850387812206724
0.008619150970454256
0.006742677099341106
0.007607301877643576
0.005580748419788556
0.0037327413492108464
0.004311297967559448
0.0015631757490276535
0.0022531385512199196
0.0017361556624837101
0.0015271518135870064
0.0006259866828216065
0.0012922318697349078
0.0010172739462575118
0.0004878197338981926
0.0012462539887264958
0.0008245328740746216
0.0006411476440365407
0.0005406895081654025
0.00035782368575479004
0.0006405155571591283
0.0002619333861953385
0.0009555701506789796
0.001199339883136242
0.001250557079633731
0.0008740444694637764
0.0007937407111390244
0.000482731127430193
0.0006222098839050724
0.0008507674482479242
0.0010735969968892574
0.0005992391215945166
0.0002947140599950017
0.00021664540190999897
0.0006335486380238301
0.0004592022942790904
0.0006358601090208994
0.0004310985841381024
0.000981059128886199
0.0016293415071391539
0.0005208020737901101
0.001986789532600445
0.0012921390219496867
0.0011048278665890775
0.0014940602200404372
0.0005660135667164719
0.0009496094910743556
0.001659206531368695
0.0013923072945411397
0.0013399205756867013
0.0006891910689028306
0.00047255122403314456
0.0010120713599080554
0.0004793260532043517


*********energy*********

0
0
0
0
1.1603742379016745e-7
0.00017419782185949383
0.000011755762515524677
0.00003364630405686731
0
1.6139057452743053e-9
0.0003201557095456546
0.0006621359461657884
0.00021141165470315782
0.00016176379277519406
0.0001102104743287486
0.00017958827870274182
0.0001914665285333214
0.0000587496897784378
0.00008338869193257666
0.00028763640250822935
0.0003667959647205527
0.00012224048457428293
0.0005088186432914263
0.00008513770614574505
0.000014312378759504803
0.00010830103678166627
0.000023247058290771894
0.0000540094605757068
0.00008531979617170695
0.00015401079969120995
0.00009580187353888908
0.000021207010990644503
0.00019850306405276715
0.0000755275967064433
0.0000922345549514149
0.00036109993449129655
0.00005344299650042966
0.0005633468932822593
0.000056163411653429833
0.00033553651961306194
0.00011851360900130951
0.00013399094912422202
0.00025351591686000524
0.00030413123499803575
0.0009167587033099431
0.00029347817487463264
0.00007989556082242926
0.00013683370648261768
0.00002207384786807678
0.00021107722991169705
0.0000381592365773277
0.000026838472537410523
0.00006057945364944187
0.000369033944722667
0.00006463171100980667
0.00004792143704094191
0.00012926775315155712
0.00012424738035987163
0.00004213464298548836
0.00009043049482935302
0.0002078345045520619
0.000022531205035463917
0.00019259433719338149
0.0001319620604689029
0.0001313433512248947
0.00011069987656706445
0.00020205260700771255
0.00006269849625256775
0.00010616100000763658
0.00015254839534205991
0.00018804091151985246
0.00019761915017588326
0.000039570999861823743
0.0001297028553574113
0.000034526209132326976
0.00008245725708695429
0.0001216083449112559
0.000057841170745129296
0.00004958190088752704
0.0001682791154011173
0.00007917369038147707
0.0001877405548690917
0.0005041133558173081
0.00041245180069279715
0.000671391630514048
0.0013817079075470555
0.00019748846165450957
0.00010379544556860132
0.00005816592309797104
0.000042443939022293855
0.000006867157902249758
0.0001302924626864432
0.00004825811464649465
0.00010309354635555436
0.00003895653382871515
0.00006205393837661243
0.000021453625402705676
0.00002790232284625903
0.000044906751328821586
0.00044231969861761324
0.00006447471282720729
0.00016973003671051867
0.00019709912207016317
0.00005297229036225702
0.00034085630332422186
0.00016678152808379524
0.000633857726099804
0.00036205423489277185
0.0009527501467707204
0.0007152167720062168
0.001058317081445075
0.0007369339557419349
0.0006986095995608591
0.0004685891411821294
0.00016432241280944318
0.0009986117806446177
0.0007639569671543653
0.00002607533301680254
0.00005904735941395422
0.00038006498005635687
0.0008557209679371529
0.0042464530042726325
0.026057913381513698
0.09731079862097725
0.23999769756344103
0.2699816671440695
0.41746907980498593
0.36732601699785444
0.27863313291877356
0.322259066365756
0.17229745599886753
0.17669417569826182
0.1395913394546892
0.16384667066388398
0.1439705229256644
0.12793755902271467
0.12022926541466615
0.17161296037530469
0.26701340862108847
0.36868523655373475
0.2988978652824105
0.5519204943453679
0.6548300814161334
0.6337480720874925
0.6775535598539226
0.7116161172984297
0.5715671865905289
0.6804694566093524
0.6292579662646444
1.0112297855990284
1.4292653068699288
2.1177904851507074
2.2081619339198433
2.2400799783709147
2.6496200849764597
2.8148277577924996
2.802584103972302
3.218386710712659
2.089605995604735
1.716154701514742
2.819486730060594
1.8437813583920404
1.5528442112475551
0.8064391842189295
0.7145845799217079
0.35404060422336797
0.7135697590431772
0.5163649269852006
0.31152420966453254
0.5878075349153943
0.48044654426081523
0.31002622659555723
0.45029307074799446
0.30010248476186807
0.3730309063969421
0.3783097167855908
0.17805659022360668
0.12519337673178316
0.2453931970974281
0.18699091023502953
0.17088944739036901
0.4430503494733487
0.23280145037442398
0.2555710036786889
0.4438439094973691
0.3589945070037931
0.5745644632155291
0.37649608186147765
0.36732283286059797
0.4248920771345264
0.3878929853263803
0.5604194340554907
0.49637573325518874
0.4101791995462712
0.43882570183801684
0.5570053786511966
0.1254006879045064
0.25829421672941955
0.1546407376274841
0.14943337106982751
0.1531652275780484
0.06597063856538765
0.031553837466646466
0.038036358887159054
0.02327741156658125
0.02962997343109093
0.015946113497585904
0.007133879285815505
0.0095166925645221
0.0012510814322422607
0.0025992362654686193
0.0015432890799996163
0.0011940826428119462
0.00020063197545983923
0.0008549699610411909
0.0005298412962479774
0.00012183966350361775
0.0007952122902613508
0.00034808548374003494
0.0002104679943442466
0.00014968071385095414
0.00006555534852461708
0.00021005321162898872
0.000035127858587523246
0.00046751452818874766
0.0007364690715040025
0.0008007132208240876
0.00039114431211530973
0.00032257245005797594
0.00011931102279169293
0.00019821831149013182
0.0003705882885111216
0.0005901365820055716
0.0001838528127228763
0.00004447046510527358
0.000024030837846397434
0.00020550854489182724
0.00010796377450044432
0.00020701085606096388
0.00009515314649388879
0.0004927882313579253
0.0013592339184058824
0.00013887221763280857
0.0020210343151875563
0.0008548471050470877
0.0006249700427733875
0.001142894561846927
0.0001640301351460362
0.00046170019099571024
0.0014095187526331067
0.0009925220364454235
0.0009192382203640736
0.0002431919766811782
0.00011433198557963428
0.0005244356800236241
0.00011763377422359603

Average zcr: 8.125
Average rms: 0.010708639001235951
Average energy: 0.21267514849066915
